0.000000000000000000
-0.584837707151525166
4.550627097752494521
2.562079940245737930
0.434365415233269658
-20.597858261214824438
11.335991332286244671
15.846965583813624079
-22.676571717991137689
2.329397906824322462
2.310950420520363480
1.673200152821292974
-4.642707618743010300
-0.438140667232860714
20.489157680492105840
-12.331593231129318156
9.491460061462468900
-20.214286938159389706
27.280467223924748765
-16.380379377269289165
25.276311784355470991
-13.988110830091484260
-24.960287269981112246
15.055877332683076375
15.844994934628093830
11.540587826468364341
-35.649722864924932253
30.742024290768103612
5.073893033169817102
-31.553766416556818797
-9.695498973132943732
12.229865236859868816
18.428618737090651791
-21.893324560458104600
-4.683337092780218924
1.688120354073943119
8.423448944624841062
12.766063084538060934
-24.367046498592777937
16.621965026002747834
-12.115676915285297000
26.224238434066101888
-25.698891322678218074
2.505325109868908662
-2.533583380143640262
-0.254321651035517959
-4.944702509416731395
29.364614866214704847
-18.936750432576026526
21.712048045117143147
-24.590257563420074405
-22.207858990931548249
32.514347179166492197
-32.132557561486997599
24.069674701802259875
11.324156643187716753
-22.080085444214383017
22.673841333076865112
5.364034062847643725
-12.576834017719960457
-15.394252638655940402
26.387527909172675322
-10.600865857483302790
3.853306805093686727
-11.354041114967795778
3.447557424990055797
3.883846279566583792
9.804280895515777416
-14.347482768772126249
5.329566891850038957
2.297791856716658643
-22.712589509311101210
-4.719464663938003568
42.350243619910450832
-36.370526373621096639
13.870399643751181173
10.331307285761511139
9.644787955692091685
-19.190088983742914053
-6.213016210783798066
-14.479033272208672756
23.182633535694293414
6.226313311008592422
-29.513526399647972198
-5.832873457353002777
12.932812016103163444
16.838296716337097791
-5.648226048030222657
0.082264061081875006
5.291976847892506441
28.817604667208858160
-21.405654118366086891
-5.508600187927475744
-0.965820010661553319
-17.578771897514762657
16.137224987668844278
18.243281902962191765
-32.276498312526278767
8.445944765705325707
-6.616096010193848187
11.960756811162172042
-1.590502873512797954
-9.737292242543773568
14.062840201868757717
-8.483502566958412316
23.998307164192414831
-22.560128917566906637
16.434990889306256179
-2.047235739019052758
-4.606777004294567490
-3.257514401921207892
-3.922254241923859297
17.738342665289284383
-20.757230144888051626
19.241328805152861037
-15.690091692143777635
3.530981494313132352
7.616395184773153915
-23.277777250772668793
-1.240920424962548729
