11.074977173942146536
-0.914252416037391491
16.591158454455140259
34.818204591023544481
24.127398773679438193
21.701551426487782237
2.489521645213183643
5.493876919829661531
14.991283009736537934
-26.497972797475043194
18.065797457113738744
4.348175347191281404
21.109115104950987529
21.702995684799695653
22.733622089160032687
3.310536503208947323
6.523478226741010744
3.510554154921325498
1.191333976115082294
-3.105381302535565879
16.663028637502460327
19.374030691253107506
1.847422158142730808
25.114988804621745544
20.241485550765872858
-0.842186905743467662
7.842148900318956173
15.262702923715382397
10.543947806881307727
-7.557194660465713199
15.335478036975617400
12.018661745451396428
2.509692732028765860
-18.321858122327903118
30.151700457257845756
-5.338888672223662368
-5.944738632189729088
5.659548414199940147
11.740634025731424117
16.578180730249659547
-1.010727430805215654
10.855410932169224481
-12.222805168463551695
10.959568991826920126
8.741874400093221809
-7.773566254757918514
1.233584625488519215
-0.602380215484206616
-9.745717934878239674
21.712259367664366039
4.418437240996818893
-15.685497054367605330
12.871937242143438596
30.521861271481363076
-4.830690711058401199
8.310425936470203112
2.240457690267870561
7.509848004274933153
-9.835244109303761917
13.654305287643076383
1.101465032820260426
28.991591499336426097
11.904123851142667689
4.730404113366983410
-4.830264510843748305
9.694918954174163161
-0.584258926765018671
-3.131368590992811285
15.347790328375594981
-0.287722488635522744
7.903679323053475869
4.144417946723599755
13.728689707620327809
4.360038431672513148
13.202707208062712141
18.669753975401789603
0.203374799770303039
18.749979586681519095
2.754863123485715271
18.626778201517900868
10.345032252157162489
11.625241598050170211
13.154126011644308392
23.947269482617610237
0.400405063444741138
10.192469515049092266
3.142834751330670251
-26.385015412428735715
-0.089790089000775453
-2.704630609316303058
11.627938408907381174
7.871948938650760397
6.730223607515593898
-7.931620951208952164
12.788994229507924416
-8.291520472724315027
24.183198931843193691
2.840686276246782604
8.791566518062683855
-7.081428569794204542
-8.005930834493995008
-1.359518614961917393
22.200757449983171909
-23.208029328966439664
-6.719150339532513172
16.553640293195318378
1.473910569878850385
-15.619549082182627942
4.454807074048239279
30.670634901374974390
28.005670279924203214
22.601105705426554948
-16.874469525033195083
3.851564920829257943
14.140667078425616765
13.236078120969677840
22.954366078956919495
6.410483965932604278
-8.091481660681930421
10.854908883190901747
